   1    0  100    0
   2    0    0    0
   3    0  100    0
   4    0  100    0
   5    0  100    0
   6    0  100    0
   7    0  100    0
   8    0   44    0
   9    0  100    0
  10    0  100    0
  11    0  100    0
  12    0  100    0
  13    0   10    0
  14    0  100    0
  15    0  100    0
  16    0  100    0
  17    0  100    0
  18    0  100    0
  19    0  100    0
  20    0   70    0
  21    0  100    0
  22    0  100    0
  23    0   33    0
  24    0  100    0
  25    0  100    0
  26    0   50    0
  27    0  100    0
  28    0  100    0
  29    0   74    0
  30    0  100    0
  31    0  100    0
  32    0  100    0
  33    0  100    0
  34    0  100    0
  35    0  100    0
  36    0  100    0
  37    0  100    0
  38    0  100    0
  39    0  100    0
  40    0  100    0
  41    0  100    0
  42    0  100    0
  43    0  100    0
  44    0  100    0
  45    0  100    0
  46    0  100    0
  47    0  100    0
  48    0   26    0
  49    0  100    0
  50    0  100    0
  51    0   25    0
  52    0  100    0
  53    0   32    0
  54    0  100    0
  55    0  100    0
  56    0  100    0
  57    0   85    0
  58    0  100    0
  59    0  100    0
  60    0  100    0
  61    0  100    0
  62    0  100    0
  63    0  100    0
  64    0  100    0
  65    0  100    0
  66    0  100    0
  67    0  100    0
  68    0  100    0
  69    0  100    0
  70    0   96    0
  71    0  100    0
  72    0   35    0
  73    0   38    0
  74    0  100    0
  75    0  100    0
  76    0  100    0
  77    0  100    0
  78    0   96    0
  79    0   21    0
  80    0  100    0
  81    0  100    0
  82    0  100    0
  83    0  100    0
  84    0  100    0
  85    0  100    0
  86    0   51    0
  87    0  100    0
  88    0  100    0
  89    0  100    0
  90    0  100    0
  91    0  100    0
  92    0  100    0
  93    0   58    0
  94    0  100    0
  95    0  100    0
  96    0  100    0
  97    0  100    0
  98    0   10    0
  99    0  100    0
 100    0   18    0
 101    0  100    0
 102    0  100    0
 103    0  100    0
 104    0  100    0
 105    0  100    0
 106    0  100    0
 107    0   71    0
 108    0  100    0
 109    0  100    0
 110    0  100    0
 111    0  100    0
 112    0   63    0
 113    0  100    0
 114    0  100    0
 115    0  100    0
 116    0  100    0
 117    0  100    0
 118    0  100    0
 119    0  100    0
 120    0  100    0
 121    0  100    0
 122    0  100    0
 123    0  100    0
 124    0   87    0
 125    0  100    0
 126    0  100    0
 127    0   21    0
 128    0  100    0
 129    0    0    0
 130    0  100    0
 131    0  100    0
 132    0  100    0
 133    0    0    0
 134    0  100    0
 135    0  100    0
 136    0  100    0
 137    0  100    0
 138    0  100    0
 139    0    6    0
 140    0  100    0
 141    0  100    0
 142    0  100    0
 143    0    0    0
 144    0  100    0
 145    0  100    0
 146    0  100    0
 147    0  100    0
 148    0  100    0
 149    0  100    0
 150    0  100    0
 151    0   40    0
 152    0  100    0
 153    0   64    0
 154    0  100    0
 155    0   88    0
 156    0  100    0
 157    0   74    0
 158    0  100    0
 159    0  100    0
 160    0   52    0
 161    0  100    0
 162    0   68    0
 163    0  100    0
 164    0  100    0
 165    0  100    0
 166    0  100    0
 167    0  100    0
 168    0  100    0
 169    0  100    0
 170    0  100    0
 171    0  100    0
 172    0   79    0
 173    0  100    0
 174    0   60    0
 175    0  100    0
 176    0  100    0
 177    0  100    0
 178    0  100    0
 179    0  100    0
 180    0   71    0
 181    0  100    0
 182    0  100    0
 183    0  100    0
 184    0  100    0
 185    0  100    0
 186    0  100    0
 187    0  100    0
 188    0  100    0
 189    0  100    0
 190    0   67    0
 191    0  100    0
 192    0  100    0
 193    1    0    2
 194    1    0  129
 195    1    0  133
 196    1    0  143
 197    1    0    2
 198    1    0  129
 199    1    0  133
 200    1    0  143
 201    7    0  139
 202    7    0  139
 203   11    0   13
 204   11    0   98
 205   11    0   13
 206   11    0   98
 207   19    0  100
 208   19    0  100
 209   22    0   79
 210   22    0  127
 211   22    0   79
 212   22    0  127
 213   26    0   51
 214   26    0   51
 215   27    0   48
 216   27    0   48
 217   33    0   53
 218   33    0   53
 219   34    0   23
 220   34    0   23
 221   36    0   72
 222   36    0   72
 223   39    0   73
 224   39    0   73
 225   41    0  151
 226   41    0  151
 227   45    0    8
 228   45    0    8
 229   51    0   26
 230   51    0   26
 231   52    0   86
 232   52    0   86
 233   53    0  160
 234   53    0  160
 235   59    0   93
 236   59    0   93
 237   61    0  174
 238   61    0  174
 239   64    0  112
 240   64    0  112
 241   65    0  153
 242   65    0  153
 243   68    0  190
 244   68    0  190
 245   69    0  162
 246   69    0  162
 247   71    0   20
 248   71    0   20
 249   72    0  107
 250   72    0  180
 251   72    0  107
 252   72    0  180
 253   75    0   29
 254   75    0  157
 255   75    0   29
 256   75    0  157
 257   80    0  172
 258   80    0  172
 259   86    0   57
 260   86    0   57
 261   88    0  124
 262   88    0  124
 263   89    0  155
 264   89    0  155
 265   97    0   70
 266   97    0   78
 267   97    0   70
 268   97    0   78
